
state={
	id=42
	name="STATE_42"
	provinces={
		2 435 493 503 506 854 1044 1107 1532 1576 1644 1879 2069 2301 2657 2774 2980 2999 3032 3206 3262 3689 3898 3856 4111 4113 4274 4276 4787 4791 4977 5063 5096 5603 5168 5280 5783 5883 5899 5989 6032 6860 6897 6920 6936 6943 6957 6965 6973 6976 6983 6992 6995 7004 7007 7008 7023 7024 7025 7046 7054 7055 7072 7074 7082 7089 7096 7097 7100 7111 7118 7124 7127 7129 7142 7147 7158 7175 12098 19451 19452 19468 
	}
	history={
		owner = CAN
		add_core_of = CAN

	}
 state_category=town 
 manpower=1000
	buildings_max_level_factor=1.000
}
